9.551342801978722763e-01
2.360635762807461457e-01
6.891353513001210462e-01
2.956770239592221849e-01
3.597686228330990166e-01
5.794821595353281118e-01
7.184296275356616412e-01
8.495736461604862511e-01
2.691870729754829994e-01
8.556544092231053167e-01
4.365140695306504726e-01
6.084060688774413084e-01
4.862358325627971212e-01
7.171915743809607058e-01
1.000000000000000000e+00
2.008437700358673139e-01
4.997999111424992202e-01
8.403791485505557324e-01
8.869452539749209663e-01
6.525701998012424232e-01
6.644455516066452017e-01
6.886105787777996312e-01
5.423380710124734438e-01
7.461288903334291067e-01
9.861149517752247906e-01
1.000000000000000000e+00
9.616501296177766278e-01
6.084060688774413084e-01
2.230251080993692625e-01
3.731173224360414542e-01
4.789184476222224651e-01
8.456362035086696372e-01
7.564106256539159245e-01
7.666683491147069374e-01
5.383435743943423279e-01
5.223457808280362880e-01
4.435250037281113222e-01
7.103173784337175022e-03
7.103173784337175022e-03
2.830960290145614899e-01
7.112324693275792198e-01
1.868583483114105992e-01
5.283191473514946557e-01
1.000000000000000000e+00
1.000000000000000000e+00
5.757375396585353577e-01
7.858059643557866458e-01
7.244774997004903572e-01
4.739295380265627355e-01
2.135682321718518628e-01
5.830738094999443621e-01
4.827560287578128162e-01
4.111432699600024998e-01
