2.222124922053810292e-01
1.654768197869431190e-01
2.069473566579673185e-01
1.654768197869431190e-01
6.884079080280192109e-01
7.113669355360121571e-01
4.412201163212121635e-01
8.578228487241241762e-01
5.398388021036962803e-01
3.485760788742539029e-01
2.807467039548318666e-01
1.370935050723136039e-01
2.691870729754829994e-01
4.304503212644548160e-01
6.284940218320658190e-01
4.752778388952572444e-03
5.933405518454639704e-01
6.892823703356167897e-01
5.560073869825914450e-01
3.750797328839625688e-01
